---------- AND Interactions ----------
I(F): 3.805015802383423	 ([best!])
I(I): 2.710134506225586	 ([great])
I(K): -0.995849072933197	 ([effects,])
I(H): 0.7756841778755188	 ([storytellng,])
I(G): 0.690609872341156	 ([Epic])
I(J): 0.6868067383766174	 ([special])
I(N): 0.6516073942184448	 ([baby!).])
I(E): 0.5518677830696106	 ([Hoppor's])
I(L): 0.4560617208480835	 ([Spacegirl])
I(B): 0.40743714570999146	 ([doubt,])
I(A): -0.3603312075138092	 ([Without])
I(C): 0.34052783250808716	 ([one])
I(D): 0.24532592296600342	 ([Tobe])
I(M): -0.011220723390579224	 ([(vamp])
Sum: 9.953677892684937
==================================================
