---------- Players ----------
Player A: Without
Player B: doubt,
Player C: one
Player D: Tobe
Player E: Hoppor's
Player F: best!
Player G: Epic
Player H: storytellng,
Player I: great
Player J: special
Player K: effects,
Player L: Spacegirl
Player M: (vamp
Player N: baby!).
---------- AND Interactions (Pairwise Only) ----------
I(AF): -9.046791076660156	 ([Without][best!])
I(IK): -6.621671676635742	 ([great][effects,])
I(BI): -6.09379243850708	 ([doubt,][great])
I(AI): -5.680578231811523	 ([Without][great])
I(BF): -5.639526844024658	 ([doubt,][best!])
I(FI): -5.40504264831543	 ([best!][great])
I(FK): -3.711636543273926	 ([best!][effects,])
I(AJ): -2.958662986755371	 ([Without][special])
I(JK): -2.905885696411133	 ([special][effects,])
I(BJ): -2.4293675422668457	 ([doubt,][special])
I(HI): 2.085158348083496	 ([storytellng,][great])
I(IJ): -2.0781736373901367	 ([great][special])
I(AB): 1.9990055561065674	 ([Without][doubt,])
I(FJ): -1.8664169311523438	 ([best!][special])
I(EI): 1.5079398155212402	 ([Hoppor's][great])
I(IL): 1.2416105270385742	 ([great][Spacegirl])
I(JM): -1.2318503856658936	 ([special][(vamp])
I(HJ): -1.1761434078216553	 ([storytellng,][special])
I(CI): 1.0282258987426758	 ([one][great])
I(MN): -0.9905447959899902	 ([(vamp][baby!).])
I(FN): -0.9881563186645508	 ([best!][baby!).])
I(GJ): -0.7850937843322754	 ([Epic][special])
I(EK): -0.7751240730285645	 ([Hoppor's][effects,])
I(HN): -0.7646434307098389	 ([storytellng,][baby!).])
I(KN): -0.7456092834472656	 ([effects,][baby!).])
I(BN): -0.7446451187133789	 ([doubt,][baby!).])
I(AH): -0.7363381385803223	 ([Without][storytellng,])
I(CF): 0.7186250686645508	 ([one][best!])
Sum: -34.30197191238403
==================================================
