---------- AND Interactions ----------
I(FG): -5.074369430541992	 ([of][talents])
I(HJ): -4.838093280792236	 ([Deneuve][Auteuil.])
I(AJ): -4.793142318725586	 ([characters][Auteuil.])
I(AH): -4.610589504241943	 ([characters][Deneuve])
I(H): -4.580875396728516	 ([Deneuve])
I(J): -4.558221817016602	 ([Auteuil.])
I(CH): -4.407902717590332	 ([script][Deneuve])
I(CJ): -4.362600803375244	 ([script][Auteuil.])
I(A): -4.03010892868042	 ([characters])
I(C): -3.72141695022583	 ([script])
I(AC): -3.675678253173828	 ([characters][script])
Sum: -48.65299940109253
==================================================
