---------- AND Interactions ----------
I(AF): 6.671691417694092	 ([Her][impress])
I(BF): 5.486856460571289	 ([acting][impress])
I(F): 4.834094524383545	 ([impress])
I(EF): 3.571516275405884	 ([to][impress])
I(DE): -1.4325714111328125	 ([fails][to])
I(AD): -1.3230085372924805	 ([Her][fails])
I(D): -1.309041976928711	 ([fails])
I(BD): -1.2897777557373047	 ([acting][fails])
I(DF): -1.278244972229004	 ([fails][impress])
I(CF): -1.20650053024292	 ([never][impress])
I(C): -0.5992550849914551	 ([never])
I(CD): -0.5320806503295898	 ([never][fails])
I(CE): -0.4918813705444336	 ([never][to])
I(AB): 0.3196377754211426	 ([Her][acting])
Sum: 11.421434164047241
==================================================
