---------- AND Interactions ----------
I(CD): 4.404352188110352	 ([never][fails])
I(AE): 4.083351135253906	 ([Her][impress])
I(E): 3.5972766876220703	 ([impress])
I(BE): 2.5559945106506348	 ([acting][impress])
I(D): -1.406811237335205	 ([fails])
I(AD): -1.356168270111084	 ([Her][fails])
I(BD): -1.2727022171020508	 ([acting][fails])
I(DE): -1.1816129684448242	 ([fails][impress])
I(CE): -1.134577751159668	 ([never][impress])
I(BC): -0.5548186302185059	 ([acting][never])
I(C): -0.46611976623535156	 ([never])
I(B): 0.22951507568359375	 ([acting])
Sum: 7.497678756713867
==================================================
