---------- AND Interactions ----------
I(CD): 6.4208269119262695	 ([never][fails])
I(CE): -4.122190952301025	 ([never][impress])
I(E): 3.453732967376709	 ([impress])
I(DE): -3.228534698486328	 ([fails][impress])
I(D): -1.5503549575805664	 ([fails])
I(BE): -1.127253532409668	 ([acting][impress])
I(C): -0.6096634864807129	 ([never])
I(AE): 0.48607420921325684	 ([Her][impress])
I(AC): 0.32071733474731445	 ([Her][never])
Sum: 0.04335379600524902
==================================================
