---------- AND Interactions ----------
I(J): -3.31387996673584	 ([movie])
I(D): -2.7551496028900146	 ([begin])
I(C): -2.1131861209869385	 ([not])
I(DJ): -1.5351202487945557	 ([begin][movie])
I(CJ): -0.5551708936691284	 ([not][movie])
Sum: -10.272506833076477
==================================================
