---------- AND Interactions ----------
I(CF): -5.542227745056152	 ([never][impress])
I(F): 4.9349822998046875	 ([impress])
I(DF): -4.904184341430664	 ([fails][impress])
I(AF): 1.8375959396362305	 ([Her][impress])
I(EF): -1.3377056121826172	 ([to][impress])
I(CD): 1.275334358215332	 ([never][fails])
I(D): -1.2081584930419922	 ([fails])
I(BF): 0.5184593200683594	 ([acting][impress])
I(C): -0.49837207794189453	 ([never])
I(AC): 0.40305566787719727	 ([Her][never])
I(BC): 0.3601713180541992	 ([acting][never])
I(AB): 0.28622007369995117	 ([Her][acting])
I(DE): -0.1986527442932129	 ([fails][to])
I(AE): 0.14354372024536133	 ([Her][to])
I(B): 0.13430118560791016	 ([acting])
Sum: -3.7956371307373047
==================================================
