---------- Players ----------
Player A: rating
Player B: 1
Player C: not
Player D: begin
Player E: express
Player F: dull,
Player G: depressing
Player H: relentlessly
Player I: bad
Player J: movie
---------- AND Interactions (Pairwise Only) ----------
I(GI): -2.538998603820801	 ([depressing][bad])
I(FG): -2.3113560676574707	 ([dull,][depressing])
I(FI): -2.2526655197143555	 ([dull,][bad])
I(CI): -0.6752105951309204	 ([not][bad])
I(CF): -0.6186069846153259	 ([not][dull,])
I(CG): -0.5962616801261902	 ([not][depressing])
I(EG): -0.4253309369087219	 ([express][depressing])
I(DG): -0.32258176803588867	 ([begin][depressing])
I(DI): -0.28151988983154297	 ([begin][bad])
I(EI): -0.2804390788078308	 ([express][bad])
I(GH): -0.2765291929244995	 ([depressing][relentlessly])
I(EH): -0.26882660388946533	 ([express][relentlessly])
I(CJ): 0.26817041635513306	 ([not][movie])
I(FH): -0.22541922330856323	 ([dull,][relentlessly])
I(CD): 0.21974700689315796	 ([not][begin])
I(HJ): -0.2134888619184494	 ([relentlessly][movie])
I(AH): 0.21321241557598114	 ([rating][relentlessly])
I(DF): -0.20340442657470703	 ([begin][dull,])
I(GJ): -0.16366249322891235	 ([depressing][movie])
I(CE): 0.15087437629699707	 ([not][express])
I(EF): -0.15084075927734375	 ([express][dull,])
---------- OR Interactions (Pairwise Only) ----------
I(GI): -2.538998603820801	 ([depressing][bad])
I(FG): -2.3113560676574707	 ([dull,][depressing])
I(FI): -2.2526655197143555	 ([dull,][bad])
I(CI): -0.6752105951309204	 ([not][bad])
I(CF): -0.6186069846153259	 ([not][dull,])
I(CG): -0.5962616801261902	 ([not][depressing])
I(EG): -0.4253309369087219	 ([express][depressing])
I(DG): -0.32258176803588867	 ([begin][depressing])
I(DI): -0.28151988983154297	 ([begin][bad])
I(EI): -0.2804390788078308	 ([express][bad])
I(GH): -0.2765291929244995	 ([depressing][relentlessly])
I(EH): -0.26882660388946533	 ([express][relentlessly])
I(CJ): 0.26817041635513306	 ([not][movie])
I(FH): -0.22541922330856323	 ([dull,][relentlessly])
I(CD): 0.21974700689315796	 ([not][begin])
I(HJ): -0.2134888619184494	 ([relentlessly][movie])
I(AH): 0.21321241557598114	 ([rating][relentlessly])
I(DF): -0.20340442657470703	 ([begin][dull,])
I(GJ): -0.16366249322891235	 ([depressing][movie])
I(CE): 0.15087437629699707	 ([not][express])
I(EF): -0.15084075927734375	 ([express][dull,])
I(AF): 0.13141798973083496	 ([rating][dull,])
I(FJ): 0.10254931449890137	 ([dull,][movie])
I(AJ): -0.08753091096878052	 ([rating][movie])
I(AE): -0.08430087566375732	 ([rating][express])
I(AB): 0.08166271448135376	 ([rating][1])
I(BG): 0.07479965686798096	 ([1][depressing])
I(AG): -0.06738781929016113	 ([rating][depressing])
I(AC): 0.057985544204711914	 ([rating][not])
I(AI): -0.05709528923034668	 ([rating][bad])
I(BJ): 0.05259937047958374	 ([1][movie])
I(AD): 0.04487833380699158	 ([rating][begin])
I(BC): -0.043423235416412354	 ([1][not])
I(IJ): 0.040084004402160645	 ([bad][movie])
I(DH): -0.039686307311058044	 ([begin][relentlessly])
I(BI): 0.037904173135757446	 ([1][bad])
I(DJ): 0.036079078912734985	 ([begin][movie])
I(HI): 0.03065595030784607	 ([relentlessly][bad])
I(CH): 0.02899816632270813	 ([not][relentlessly])
I(EJ): -0.026820391416549683	 ([express][movie])
I(BE): -0.026279747486114502	 ([1][express])
I(BF): -0.025007963180541992	 ([1][dull,])
I(BD): 0.017813563346862793	 ([1][begin])
I(BH): -0.01575559377670288	 ([1][relentlessly])
I(DE): 0.004369854927062988	 ([begin][express])
==================================================
