---------- AND Interactions ----------
I(J): -4.6292619705200195	 ([Ernest])
I(K): -4.299639701843262	 ([films!])
I(JK): -3.7606587409973145	 ([Ernest][films!])
Sum: -12.689560413360596
==================================================
