---------- Players ----------
Player A: characters
Player B: unlikeable
Player C: script
Player D: awful.
Player E: waste
Player F: of
Player G: talents
Player H: Deneuve
Player I: and
Player J: Auteuil.
---------- AND Interactions (Pairwise Only) ----------
I(BE): -4.28673791885376	 ([unlikeable][waste])
I(BD): -3.642794609069824	 ([unlikeable][awful.])
I(DE): -3.3627614974975586	 ([awful.][waste])
I(EG): 0.7629340291023254	 ([waste][talents])
I(BG): 0.2861100435256958	 ([unlikeable][talents])
I(DG): -0.26533663272857666	 ([awful.][talents])
I(EJ): 0.23804587125778198	 ([waste][Auteuil.])
I(BJ): 0.2362561821937561	 ([unlikeable][Auteuil.])
I(EH): 0.23036789894104004	 ([waste][Deneuve])
I(BH): 0.22933262586593628	 ([unlikeable][Deneuve])
I(AD): 0.21402615308761597	 ([characters][awful.])
I(BC): -0.1803545355796814	 ([unlikeable][script])
I(AE): -0.16973251104354858	 ([characters][waste])
---------- OR Interactions (Pairwise Only) ----------
I(BE): -4.28673791885376	 ([unlikeable][waste])
I(BD): -3.642794609069824	 ([unlikeable][awful.])
I(DE): -3.3627614974975586	 ([awful.][waste])
I(EG): 0.7629340291023254	 ([waste][talents])
I(BG): 0.2861100435256958	 ([unlikeable][talents])
I(DG): -0.26533663272857666	 ([awful.][talents])
I(EJ): 0.23804587125778198	 ([waste][Auteuil.])
I(BJ): 0.2362561821937561	 ([unlikeable][Auteuil.])
I(EH): 0.23036789894104004	 ([waste][Deneuve])
I(BH): 0.22933262586593628	 ([unlikeable][Deneuve])
I(AD): 0.21402615308761597	 ([characters][awful.])
I(BC): -0.1803545355796814	 ([unlikeable][script])
I(AE): -0.16973251104354858	 ([characters][waste])
I(CD): 0.13390284776687622	 ([script][awful.])
I(AG): 0.1321089267730713	 ([characters][talents])
I(CE): -0.13142114877700806	 ([script][waste])
I(AC): -0.07981276512145996	 ([characters][script])
I(HJ): 0.07841010391712189	 ([Deneuve][Auteuil.])
I(AH): 0.07452082633972168	 ([characters][Deneuve])
I(EF): 0.06696267426013947	 ([waste][of])
I(DF): -0.05956155061721802	 ([awful.][of])
I(BF): 0.058000028133392334	 ([unlikeable][of])
I(DJ): 0.05241799354553223	 ([awful.][Auteuil.])
I(CH): 0.0521053671836853	 ([script][Deneuve])
I(CG): 0.045440346002578735	 ([script][talents])
I(DH): -0.0419994592666626	 ([awful.][Deneuve])
I(BI): 0.041245341300964355	 ([unlikeable][and])
I(HI): 0.03755804896354675	 ([Deneuve][and])
I(EI): 0.03622591495513916	 ([waste][and])
I(FJ): 0.0333709716796875	 ([of][Auteuil.])
I(GI): 0.027751386165618896	 ([talents][and])
I(FH): 0.022692561149597168	 ([of][Deneuve])
I(CJ): 0.01849609613418579	 ([script][Auteuil.])
I(AB): -0.017247319221496582	 ([characters][unlikeable])
I(IJ): 0.013710439205169678	 ([and][Auteuil.])
I(AJ): 0.013649582862854004	 ([characters][Auteuil.])
I(AF): 0.012800753116607666	 ([characters][of])
I(GJ): -0.011426746845245361	 ([talents][Auteuil.])
I(AI): -0.010906338691711426	 ([characters][and])
I(FG): 0.009865045547485352	 ([of][talents])
I(CF): 0.00986015796661377	 ([script][of])
I(CI): 0.006407618522644043	 ([script][and])
I(GH): 0.005998075008392334	 ([talents][Deneuve])
I(DI): -0.003961145877838135	 ([awful.][and])
I(FI): -0.003908395767211914	 ([of][and])
==================================================
