---------- AND Interactions ----------
I(A): 1.976694107055664	 ([Hated])
I(I): 1.4957213401794434	 ([bad.])
I(C): 1.4210126399993896	 ([Worst])
I(J): -1.1763174533843994	 ([TRUST])
I(H): -0.9469234347343445	 ([Help])
I(K): -0.6839945316314697	 ([ME!!!])
I(F): -0.6619002819061279	 ([Mentally-])
I(B): -0.5698171854019165	 ([being.])
I(D): -0.5570483207702637	 ([movie])
I(E): -0.4605233669281006	 ([ever.])
I(G): 0.44115257263183594	 ([scarred.])
Sum: 0.2780560851097107
==================================================
