---------- Players ----------
Player A: This
Player B: is
Player C: a
Player D: good
Player E: film.
Player F: This
Player G: is
Player H: very
Player I: funny.
Player J: Yet
Player K: after
Player L: this
Player M: film
Player N: there
Player O: were
Player P: no
Player Q: good
Player R: Ernest
Player S: films!
---------- AND Interactions (Pairwise Only) ----------
I(PQ): -8.152694702148438	 ([no][good])
I(DQ): -6.6194658279418945	 ([good][good])
I(DI): -6.54901123046875	 ([good][funny.])
I(IQ): -5.293325424194336	 ([funny.][good])
I(IJ): -3.748429298400879	 ([funny.][Yet])
I(DJ): -3.452012538909912	 ([good][Yet])
I(IP): -2.5881972312927246	 ([funny.][no])
I(KQ): -2.3646697998046875	 ([after][good])
I(DP): -2.1547975540161133	 ([good][no])
I(QR): -2.111926555633545	 ([good][Ernest])
I(JQ): -1.9608721733093262	 ([Yet][good])
I(IK): -1.814985752105713	 ([funny.][after])
I(QS): 1.4843764305114746	 ([good][films!])
I(HQ): 1.373936653137207	 ([very][good])
I(HI): 1.3277702331542969	 ([very][funny.])
I(AQ): 1.3107051849365234	 ([This][good])
I(OQ): -1.19887113571167	 ([were][good])
I(MQ): 1.192972183227539	 ([film][good])
I(LQ): 1.0901384353637695	 ([this][good])
I(BI): 1.0842523574829102	 ([is][funny.])
I(FQ): 0.9758071899414062	 ([This][good])
I(BQ): 0.9524440765380859	 ([is][good])
I(DK): -0.8917322158813477	 ([good][after])
I(EQ): 0.8411736488342285	 ([film.][good])
I(AI): 0.8345499038696289	 ([This][funny.])
I(IO): -0.7848215103149414	 ([funny.][were])
I(GQ): 0.7548632621765137	 ([is][good])
I(AD): 0.7329854965209961	 ([This][good])
I(AH): -0.7165913581848145	 ([This][very])
I(CD): 0.7157468795776367	 ([a][good])
I(DH): 0.6800346374511719	 ([good][very])
I(NQ): -0.6660323143005371	 ([there][good])
I(FI): 0.6329660415649414	 ([This][funny.])
I(CI): -0.6153254508972168	 ([a][funny.])
I(DS): 0.614750862121582	 ([good][films!])
I(IR): -0.532778263092041	 ([funny.][Ernest])
I(DM): 0.48412513732910156	 ([good][film])
I(DE): 0.4721822738647461	 ([good][film.])
I(DL): 0.4616079330444336	 ([good][this])
I(HS): 0.4608802795410156	 ([very][films!])
I(DF): 0.45511674880981445	 ([good][This])
I(EM): -0.45192718505859375	 ([film.][film])
I(GI): 0.43166017532348633	 ([is][funny.])
I(HJ): -0.4218440055847168	 ([very][Yet])
I(HP): -0.41942691802978516	 ([very][no])
I(HK): -0.41478967666625977	 ([very][after])
I(JP): -0.41251468658447266	 ([Yet][no])
I(IN): -0.40067100524902344	 ([funny.][there])
I(IS): 0.37034177780151367	 ([funny.][films!])
I(DR): -0.3616042137145996	 ([good][Ernest])
I(JS): -0.3494086265563965	 ([Yet][films!])
I(FM): -0.34342241287231445	 ([This][film])
I(PS): -0.324648380279541	 ([no][films!])
I(EP): -0.31490612030029297	 ([film.][no])
I(KS): -0.29921531677246094	 ([after][films!])
I(EF): -0.29909563064575195	 ([film.][This])
I(EJ): -0.2868475914001465	 ([film.][Yet])
I(KL): -0.27730417251586914	 ([after][this])
I(PR): -0.27444934844970703	 ([no][Ernest])
I(KM): -0.26084280014038086	 ([after][film])
I(AP): -0.2486882209777832	 ([This][no])
I(JM): -0.2485508918762207	 ([Yet][film])
I(FH): -0.2400517463684082	 ([This][very])
I(BD): 0.2384328842163086	 ([is][good])
I(JL): -0.23757266998291016	 ([Yet][this])
I(RS): 0.23177194595336914	 ([Ernest][films!])
I(EO): -0.2294473648071289	 ([film.][were])
I(NP): -0.2279038429260254	 ([there][no])
I(GH): -0.2274928092956543	 ([is][very])
I(MO): -0.22324562072753906	 ([film][were])
I(HO): -0.21855831146240234	 ([very][were])
I(ES): -0.21322154998779297	 ([film.][films!])
I(OP): -0.21310901641845703	 ([were][no])
I(AM): -0.21113061904907227	 ([This][film])
Sum: -16.416040420532227
==================================================
