---------- AND Interactions ----------
I(G): 2.0112099647521973	 ([depressing])
I(I): 1.9282171726226807	 ([bad])
I(F): 1.7455496788024902	 ([dull,])
I(E): 0.48590290546417236	 ([express])
I(C): 0.4331149458885193	 ([not])
I(D): 0.35206276178359985	 ([begin])
I(H): 0.310475617647171	 ([relentlessly])
I(J): 0.19807106256484985	 ([movie])
I(A): 0.12003345787525177	 ([rating])
I(B): -0.025782987475395203	 ([1])
Sum: 7.558854579925537
==================================================
