---------- AND Interactions ----------
I(CD): 9.80079174041748	 ([never][fails])
I(E): 3.453732967376709	 ([impress])
I(CE): -2.1280336380004883	 ([never][impress])
I(D): -1.5503549575805664	 ([fails])
I(DE): -1.2961339950561523	 ([fails][impress])
I(C): -0.6096634864807129	 ([never])
I(BE): -0.4577215909957886	 ([acting][impress])
I(AC): 0.3105102479457855	 ([Her][never])
I(BD): 0.24552279710769653	 ([acting][fails])
Sum: 7.768650084733963
==================================================
