---------- AND Interactions ----------
I(B): 1.5252200365066528	 ([stupid])
I(F): 0.827762246131897	 ([worse...])
I(H): 0.7127569913864136	 ([no])
I(I): 0.6149181723594666	 ([sense])
I(L): 0.5584969520568848	 ([SKIP])
I(A): -0.2659677565097809	 ([comment])
I(J): 0.2213956117630005	 ([at])
I(D): 0.15166589617729187	 ([acting])
I(G): -0.14199522137641907	 ([screenplay])
I(K): 0.08805471658706665	 ([all...])
I(E): 0.060087352991104126	 ([average])
I(C): 0.0005082488059997559	 ([movie,])
Sum: 4.352903246879578
==================================================
