---------- AND Interactions ----------
I(CD): 6.277285099029541	 ([never][fails])
I(CE): -4.265732288360596	 ([never][impress])
I(E): 3.597276210784912	 ([impress])
I(DE): -3.372076988220215	 ([fails][impress])
I(D): -1.4068107604980469	 ([fails])
I(BE): -1.2707970142364502	 ([acting][impress])
I(C): -0.46611976623535156	 ([never])
I(AE): 0.3425307273864746	 ([Her][impress])
I(BC): -0.31821441650390625	 ([acting][never])
I(B): 0.22951555252075195	 ([acting])
Sum: -0.6531436443328857
==================================================
