---------- AND Interactions ----------
I(CD): 9.703043937683105	 ([never][fails])
I(C): 2.708250045776367	 ([never])
I(F): 2.3723883628845215	 ([impress])
I(D): 2.28914213180542	 ([fails])
I(EF): -1.9579401016235352	 ([to][impress])
I(CE): 1.4863255023956299	 ([never][to])
I(DE): 1.43893563747406	 ([fails][to])
I(CF): -1.401090145111084	 ([never][impress])
I(DF): -0.6621785759925842	 ([fails][impress])
I(A): 0.5327603816986084	 ([Her])
I(AE): -0.5162855386734009	 ([Her][to])
I(E): 0.4932718276977539	 ([to])
I(BF): -0.37346768379211426	 ([acting][impress])
I(AB): 0.3322640657424927	 ([Her][acting])
I(AC): 0.29931241273880005	 ([Her][never])
Sum: 16.74473226070404
==================================================
