---------- AND Interactions ----------
I(C): 3.388052225112915	 ([never])
I(D): 2.931349992752075	 ([fails])
I(E): 1.5794358253479004	 ([impress])
I(A): 0.4396924376487732	 ([Her])
I(B): 0.09712892770767212	 ([acting])
Sum: 8.435659408569336
==================================================
