---------- AND Interactions ----------
I(CD): 6.277283191680908	 ([never][fails])
I(CE): -4.265734672546387	 ([never][impress])
I(E): 3.5972766876220703	 ([impress])
I(DE): -3.3720784187316895	 ([fails][impress])
I(D): -1.406811237335205	 ([fails])
I(BE): -1.2707972526550293	 ([acting][impress])
I(C): -0.46611976623535156	 ([never])
I(AE): 0.3425307273864746	 ([Her][impress])
I(BC): -0.31821393966674805	 ([acting][never])
I(B): 0.22951507568359375	 ([acting])
Sum: -0.6531496047973633
==================================================
