---------- Players ----------
Player A: Her
Player B: acting
Player C: never
Player D: fails
Player E: impress
---------- Rewards ----------
v(): -4.4221086502075195	 ([])
v(A): -4.278564929962158	 ([Her])
v(B): -4.192593574523926	 ([acting])
v(C): -4.888228416442871	 ([never])
v(D): -5.828919887542725	 ([fails])
v(E): -0.8248320817947388	 ([impress])
v(AB): -4.215490341186523	 ([Her][acting])
v(AC): -4.567511081695557	 ([Her][never])
v(AD): -5.7782769203186035	 ([Her][fails])
v(AE): -0.3387577533721924	 ([Her][impress])
v(BC): -4.976927280426025	 ([acting][never])
v(BD): -5.69481086730957	 ([acting][fails])
v(BE): -1.8661142587661743	 ([acting][impress])
v(CD): -0.017756551504135132	 ([never][fails])
v(CE): -5.5566864013671875	 ([never][impress])
v(DE): -5.603721618652344	 ([fails][impress])
v(ABC): -5.131325721740723	 ([Her][acting][never])
v(ABD): -5.630053520202637	 ([Her][acting][fails])
v(ABE): 1.154524803161621	 ([Her][acting][impress])
v(ACD): 2.6469993591308594	 ([Her][never][fails])
v(ACE): -5.50991153717041	 ([Her][never][impress])
v(ADE): -5.554715633392334	 ([Her][fails][impress])
v(BCD): 1.301506757736206	 ([acting][never][fails])
v(BCE): -5.503691673278809	 ([acting][never][impress])
v(BDE): -5.542337417602539	 ([acting][fails][impress])
v(CDE): 4.136402606964111	 ([never][fails][impress])
v(ABCD): 3.6715168952941895	 ([Her][acting][never][fails])
v(ABCE): -5.257477760314941	 ([Her][acting][never][impress])
v(ABDE): -5.290976047515869	 ([Her][acting][fails][impress])
v(ACDE): 4.259746551513672	 ([Her][never][fails][impress])
v(BCDE): 3.8635878562927246	 ([acting][never][fails][impress])
v(ABCDE): 4.157093048095703	 ([Her][acting][never][fails][impress])
==================================================
