---------- AND Interactions ----------
I(B): 2.7060201168060303	 ([terrible])
I(A): 1.4923231601715088	 ([movie])
I(C): 1.258467435836792	 ([good])
I(AB): 1.0845098495483398	 ([movie][terrible])
I(AC): -0.6526055335998535	 ([movie][good])
I(BD): 0.6011149883270264	 ([terrible][effects.])
I(BC): -0.5800409317016602	 ([terrible][good])
I(CD): 0.49638688564300537	 ([good][effects.])
I(D): 0.2263418436050415	 ([effects.])
I(AD): 0.07863724231719971	 ([movie][effects.])
Sum: 6.71115505695343
==================================================
