---------- AND Interactions ----------
I(A): 3.8745546340942383	 ([good])
I(D): 2.959254026412964	 ([funny.])
I(H): -1.7987966537475586	 ([no])
I(E): -1.5221104621887207	 ([Yet])
I(F): -0.9483848214149475	 ([after])
I(I): -0.8415666222572327	 ([good])
I(K): -0.5027481913566589	 ([films!])
I(J): -0.4680458903312683	 ([Ernest])
I(G): -0.3444783091545105	 ([film])
I(B): -0.29999083280563354	 ([film.])
I(C): -0.2073414921760559	 ([very])
Sum: -0.09965461492538452
==================================================
