---------- AND Interactions ----------
I(B): 3.0001285076141357	 ([unlikeable])
I(E): 2.8658204078674316	 ([waste])
I(D): 2.5862131118774414	 ([awful.])
I(G): -0.3739027976989746	 ([talents])
I(C): 0.2053661197423935	 ([script])
I(H): -0.20318880677223206	 ([Deneuve])
I(J): -0.16321921348571777	 ([Auteuil.])
I(A): 0.14618295431137085	 ([characters])
I(F): -0.04929307475686073	 ([of])
I(I): -0.04853597655892372	 ([and])
Sum: 7.965571232140064
==================================================
