---------- AND Interactions ----------
I(G): 3.687300682067871	 ([never])
I(I): 3.149150848388672	 ([tired])
I(E): 0.9757853746414185	 ([movie])
I(F): 0.8080946207046509	 ([well,])
I(D): 0.7527580261230469	 ([like])
I(A): -0.4592258632183075	 ([don't])
I(C): -0.3352305293083191	 ([why])
I(H): 0.2408231794834137	 ([get])
I(K): 0.14574486017227173	 ([watching])
I(L): 0.1258133053779602	 ([it.])
I(J): 0.10772514343261719	 ([of])
I(B): 0.04882432520389557	 ([know])
Sum: 9.247563973069191
==================================================
