---------- AND Interactions ----------
I(CD): 4.404354572296143	 ([never][fails])
I(AE): 4.083351135253906	 ([Her][impress])
I(E): 3.597276210784912	 ([impress])
I(BE): 2.555994749069214	 ([acting][impress])
I(D): -1.4068107604980469	 ([fails])
I(AD): -1.3561677932739258	 ([Her][fails])
I(BD): -1.2727012634277344	 ([acting][fails])
I(DE): -1.1816115379333496	 ([fails][impress])
I(CE): -1.1345758438110352	 ([never][impress])
I(BC): -0.5548186302185059	 ([acting][never])
I(C): -0.46611976623535156	 ([never])
I(B): 0.22951555252075195	 ([acting])
Sum: 7.4976866245269775
==================================================
