---------- AND Interactions ----------
I(K): 2.9007925987243652	 ([endearing])
I(J): 2.6953353881835938	 ([funny,])
I(C): 1.1768747568130493	 ([gem])
I(I): 0.8219929337501526	 ([sweet,])
I(E): 0.4588858485221863	 ([holiday])
I(H): 0.4389166235923767	 ([is])
I(F): -0.3780844211578369	 ([regulars.])
I(A): 0.3256182372570038	 ([Add])
I(B): 0.20531535148620605	 ([little])
I(G): 0.14836254715919495	 ([It])
I(D): 0.09635449945926666	 ([list])
Sum: 8.890364363789558
==================================================
