---------- AND Interactions ----------
I(A): -4.278564453125	 ([Her])
I(AB): -4.215487480163574	 ([Her][acting])
I(B): -4.192593574523926	 ([acting])
Sum: -12.6866455078125
==================================================
