---------- AND Interactions ----------
I(CF): -5.44133996963501	 ([never][impress])
I(F): 4.834094524383545	 ([impress])
I(DF): -4.803297519683838	 ([fails][impress])
I(AF): 1.9384803771972656	 ([Her][impress])
I(CD): 1.3762164115905762	 ([never][fails])
I(D): -1.309041976928711	 ([fails])
I(EF): -1.2368180751800537	 ([to][impress])
I(BF): 0.6193442344665527	 ([acting][impress])
I(C): -0.5992550849914551	 ([never])
I(AC): 0.5039401054382324	 ([Her][never])
I(BC): 0.46105527877807617	 ([acting][never])
I(AB): 0.3871035575866699	 ([Her][acting])
I(AE): 0.24442529678344727	 ([Her][to])
I(BE): 0.19609594345092773	 ([acting][to])
Sum: -2.8289968967437744
==================================================
