---------- Players ----------
Player A: Her
Player B: acting
Player C: never
Player D: fails
Player E: impress
---------- AND Interactions (Pairwise Only) ----------
I(CD): 11.302120208740234	 ([never][fails])
I(CE): -1.4884634017944336	 ([never][impress])
I(DE): -0.7279684543609619	 ([fails][impress])
I(BE): -0.5295858383178711	 ([acting][impress])
I(AE): -0.36568140983581543	 ([Her][impress])
---------- OR Interactions (Pairwise Only) ----------
I(CD): 11.302120208740234	 ([never][fails])
I(CE): -1.4884634017944336	 ([never][impress])
I(DE): -0.7279684543609619	 ([fails][impress])
I(BE): -0.5295858383178711	 ([acting][impress])
I(AE): -0.36568140983581543	 ([Her][impress])
I(AC): 0.19220367074012756	 ([Her][never])
I(AB): 0.1826484203338623	 ([Her][acting])
I(AD): 0.1407918930053711	 ([Her][fails])
I(BD): 0.10643863677978516	 ([acting][fails])
I(BC): -0.09167087078094482	 ([acting][never])
==================================================
