---------- AND Interactions ----------
I(CD): 11.302120208740234	 ([never][fails])
I(C): 3.4167611598968506	 ([never])
I(D): 2.9600582122802734	 ([fails])
I(E): 1.6081446409225464	 ([impress])
I(CE): -1.4884634017944336	 ([never][impress])
I(DE): -0.7279684543609619	 ([fails][impress])
I(BE): -0.5295858383178711	 ([acting][impress])
I(A): 0.46840178966522217	 ([Her])
I(AE): -0.36568140983581543	 ([Her][impress])
Sum: 16.643786907196045
==================================================
