---------- AND Interactions ----------
I(E): -4.294938564300537	 ([holiday])
I(B): -4.237013339996338	 ([little])
I(BE): -4.041212558746338	 ([little][holiday])
Sum: -12.573164463043213
==================================================
