---------- AND Interactions ----------
I(I): 3.051969528198242	 ([no])
I(J): 2.085327386856079	 ([wasted])
I(A): 1.3835537433624268	 ([definitive])
I(B): 0.6908019781112671	 ([movie])
I(K): 0.48519736528396606	 ([moments.])
I(C): -0.4822961688041687	 ([version])
I(H): -0.35978007316589355	 ([but])
I(G): 0.3327229619026184	 ([nothing,])
I(F): -0.3041662573814392	 ([cuts])
I(D): 0.05706705152988434	 ([Hamlet.])
I(E): -0.02526656538248062	 ([Branagh])
Sum: 6.915130950510502
==================================================
