---------- Players ----------
Player A: I
Player B: don't
Player C: know
Player D: why
Player E: I
Player F: like
Player G: this
Player H: movie
Player I: so
Player J: well,
Player K: but
Player L: I
Player M: never
Player N: get
Player O: tired
Player P: of
Player Q: watching
Player R: it.
---------- AND Interactions (Pairwise Only) ----------
I(EF): 6.390356540679932	 ([I][like])
I(IJ): 5.303478717803955	 ([so][well,])
I(MO): 4.506412982940674	 ([never][tired])
I(CJ): 1.7352068424224854	 ([know][well,])
I(BF): -1.2630653381347656	 ([don't][like])
I(AF): 1.2363824844360352	 ([I][like])
I(BJ): -1.209446907043457	 ([don't][well,])
I(HM): -0.9524931907653809	 ([movie][never])
I(KM): 0.7730345726013184	 ([but][never])
I(BC): -0.7246317863464355	 ([don't][know])
I(AJ): 0.6327171325683594	 ([I][well,])
I(FI): 0.6123185157775879	 ([like][so])
I(MN): -0.5926699638366699	 ([never][get])
I(MQ): -0.5717291831970215	 ([never][watching])
I(BH): -0.5641698837280273	 ([don't][movie])
I(MP): 0.494873046875	 ([never][of])
I(AB): -0.4889364242553711	 ([I][don't])
I(DF): 0.48728132247924805	 ([why][like])
I(BN): -0.4556460380554199	 ([don't][get])
I(HO): -0.4462776184082031	 ([movie][tired])
I(DG): -0.42194080352783203	 ([why][this])
I(CM): 0.4059724807739258	 ([know][never])
I(JN): 0.4042186737060547	 ([well,][get])
I(BR): -0.40085792541503906	 ([don't][it.])
I(BD): -0.39046716690063477	 ([don't][why])
I(DI): -0.38576793670654297	 ([why][so])
I(MR): -0.38449573516845703	 ([never][it.])
I(HJ): -0.3228302001953125	 ([movie][well,])
I(CQ): -0.32230281829833984	 ([know][watching])
I(LM): 0.3142123222351074	 ([I][never])
I(DO): 0.3113827705383301	 ([why][tired])
I(FO): -0.31076955795288086	 ([like][tired])
I(NO): 0.2829866409301758	 ([get][tired])
I(HK): -0.26989316940307617	 ([movie][but])
I(CK): -0.2679877281188965	 ([know][but])
I(KO): 0.2668337821960449	 ([but][tired])
I(EJ): 0.2599916458129883	 ([I][well,])
I(DH): -0.2472057342529297	 ([why][movie])
I(CH): -0.23244380950927734	 ([know][movie])
I(HN): -0.2301945686340332	 ([movie][get])
I(JO): -0.2293229103088379	 ([well,][tired])
I(CO): -0.2219257354736328	 ([know][tired])
I(OQ): -0.2101726531982422	 ([tired][watching])
I(BM): -0.20172882080078125	 ([don't][never])
I(DK): 0.19721364974975586	 ([why][but])
I(IM): 0.19558954238891602	 ([so][never])
I(NP): -0.1886749267578125	 ([get][of])
I(FM): -0.18574094772338867	 ([like][never])
I(CN): -0.18039321899414062	 ([know][get])
I(IO): -0.18030786514282227	 ([so][tired])
I(FG): -0.16814470291137695	 ([like][this])
I(FQ): -0.1657414436340332	 ([like][watching])
I(AC): -0.1653141975402832	 ([I][know])
I(HR): -0.16265439987182617	 ([movie][it.])
Sum: 10.853697061538696
==================================================
