---------- AND Interactions ----------
I(DJ): -5.638092994689941	 ([Hamlet.][wasted])
I(J): -5.541634559631348	 ([wasted])
I(EJ): -5.288946151733398	 ([Branagh][wasted])
I(D): -4.692572593688965	 ([Hamlet.])
I(DE): -4.672242641448975	 ([Hamlet.][Branagh])
I(E): -4.633225440979004	 ([Branagh])
I(GI): -4.5426740646362305	 ([nothing,][no])
Sum: -35.00938844680786
==================================================
