---------- AND Interactions ----------
I(CD): 11.302120208740234	 ([never][fails])
I(C): 3.4167609214782715	 ([never])
I(D): 2.9600584506988525	 ([fails])
I(E): 1.6081442832946777	 ([impress])
I(CE): -1.48846435546875	 ([never][impress])
I(DE): -0.7279694080352783	 ([fails][impress])
I(BE): -0.5295870304107666	 ([acting][impress])
I(A): 0.4684010446071625	 ([Her])
I(AE): -0.3656802177429199	 ([Her][impress])
Sum: 16.643783897161484
==================================================
