---------- AND Interactions ----------
I(D): 2.9089088439941406	 ([love])
I(L): 2.3271729946136475	 ([liked])
I(G): -2.018409252166748	 ([hate])
I(M): 1.8093959093093872	 ([it!])
I(K): 0.6072950959205627	 ([well...])
I(A): 0.504226565361023	 ([like])
I(H): -0.38268977403640747	 ([Pauly])
I(J): -0.34256190061569214	 ([then,])
I(E): -0.29347753524780273	 ([Son])
I(B): -0.247872993350029	 ([Pauly])
I(F): -0.09859786927700043	 ([Law.])
I(I): -0.08539645373821259	 ([Shore,])
I(C): -0.005515486001968384	 ([Shore,])
Sum: 4.6824781447649
==================================================
